2549
2871
13245
33835
59109
66941
242315
258580
292746
450000
489850
502364
528115
534370
538263
541327
546324
547533
555262
556703
563262
563837
565329
566449
716038
722067
735145
788323
888795
1005271
1008065
1033249
1154694
1160233
1164657
1182017
1184036
1184680
1185038
1191334
1192742
1192751
1196213
1203958
1209567
1214045
1232443
1239386
1241312
1243504
1245927
1245929
1245930
1246244
1259299
1266505
1272413
1275258
1280874
1338852
1344047
1344049
1344149
1345068
1352290
1356747
1367990
1421806
1421806
1421828
1421844
1452813
1461155
1474934
1485715
1498190
1498190
1539790
1541256
1571207
1585853
1589238
1592467
1592467
1593535
1604558
1634965
1639640
1655042
1661159
1667166
1676415
1695502
1702864
1703916
1709680
1721186
1722756
1722796
1725903
1728545
1751500
1751500
1765162
1768157
1775413
1779628
1779970
1779970
1780499
1781130
1790422
1807044
1807156
1807414
1807831
1810437
1811469
1811889
1811909
1811911
1811912
1811924
1811942
1812109
1818057
1819831
1854299
1854382
1855332
1856388
1857465
1857539
1859530
1870102
1872025
1884336
1892748
1893622
1893623
1894326
1894791
1895373
1895787
1896056
1896098
1899064
1903055
1905382
1909015
1911642
1913162
1914734
1933430
1937186
1944005
1952768
1964219
1964294
1964444
1965042
1973982
1980902
1982728
1984628
1985734
1985907
1990070
1990630
1991070
1998632
2007913
2016455
2016456
2017149
2018282
2018563
2029065
2029129
2029174
2029184
2029184
2030460
2030786
2031018
2039036
2046898
2047864
2047942
2058275
2065896
2075134
2078517
2081393
2089831
2094600
2100042
2105564
2116771
2123257
2127828
2143547
2146032
2146559
2148977
2155653
2162242
2162379
2163237
2163673
2166493
2166713
2167747
2170503
2179267
2179298
2185472
2185582
2188952
2189954
2190580
2201114
2208601
2216476
2217559
2219436
2223136
2223141
2223214
2223222
2229177
2235218
2253415
2269954
2274145
2282816
2285630
2302237
2303049
2306430
2306538
2311314
2312945
2319343
2331264
2332701
2341287
2345216
2354001
2361962
2362920
2362926
2364780
2366949
2372000
2376717
2378738
2378757
2385098
2391584
2393572
2399265
2400155
2400817
2403939
2405273
2406436
2407603
2408299
2410974
2412402
2412695
2414240
2414765
2415689
2417016
2423482
2424125
2428039
2429635
2429635
2437543
2438121
2438671
2440014
2441471
2443981
2445143
2445337
2446764
2447120
2452111
2452539
2454015
2455541
2456999
2459448
2459745
2460317
2461550
2462685
2474123
2476674
2478308
2479783
2482348
2484098
2484624
2485013
2485013
2488872
2489479
2494352
2496610
2496610
2496819
2497921
2498846
2500231
2502207
2503612
2503691
2504597
2504886
2505855
2505884
2506057
2507851
2511065
2512332
2512515
2512921
2514338
2514357
2516508
2516982
2517820
2518737
2519815
2519967
2520135
2521447
2521953
2525469
2530367
2532342
2533115
2533204
2537866
2540546
2542321
2542565
2551119
2554017
2558912
2560086
2561593
2561797
2563920
2563920
2563920
2563920
2564833
2572168
2573122
2573376
2587276
2589403
2601607
2602387
2607499
2607850
2609654
2609655
2610195
2610199
2610206
2610313
2610318
2610412
2610506
2610715
2611482
2611878
2612590
2613016
2614707
2614901
2614935
2614939
2614999
2615279
2616221
2617120
2617611
2618015
2618032
2618032
2618155
2618464
2619073
2620150
2622226
2622244
2622517
2623064
2623503
2623909
2623974
2624740
2624830
2624834
2625358
2625620
2625933
2626067
2626135
2626138
2626265
2627132
2627446
2627679
2628088
2628262
2628264
2628602
2628844
2629009
2629011
2629159
2629232
2629380
2629452
2629454
2629459
2629533
2630526
2630530
2636348
2636471
2637525
2642383
2643048
2644316
2647171
2648124
2648955
2649254
2649598
2650145
2650153
2650162
2652958
2655711
2666542
2671786
2672477
2672708
2673858
2674601
2678151
2681691
2698015
2698015
2699552
2701788
2702152
2702804
2703214
2703214
2703214
2704788
2707296
2707432
2708180
2708293
2719252
2719871
2721759
2722669
2722671
2723245
2723316
2723958
2733020
2733665
2735210
2735934
2738043
2738855
2740221
2741078
2742412
2742658
2744602
2744932
2744954
2748070
2748291
2766524
2766839
2767641
2768344
2774010
2774010
2777276
2777750
2781120
2791994
2792137
2796412
2801127
2801855
2801946
2803836
2803998
2805340
2805459
2815160
2817994
2818036
2819602
2822004
2823839
2833567
2836108
2836381
2844513
2844644
2846339
2850955
2852776
2853577
2854717
2854977
2855715
2855797
2857078
2858031
2860535
2865790
2866018
2866717
2866892
2867996
2868403
2868407
2868918
2869811
2870639
2890184
2894275
2899062
2899938
2902096
2902155
2904196
2920058
2921994
2922668
2923002
2924846
2925262
2929974
2934636
2934754
2951868
2954743
2960376
2964653
2972070
3062214
3063097
3070757
3071276
3071988
3081882
3105025
3105458
3114879
3115117
3136335
3148585
3149123
3151950
3155025
3158936
3159022
3197466
3207901
3216622
3221285
3222260
3227195
3228293
3243962
3246286
3246952
3255324
3270480
3272370
3288814
3288896
3288971
3289305
3289839
3291096
3291758
3302449
3303938
3303959
3304860
3305432
3307101
3308497
3309855
3310024
3317163
3317954
3318532
3318553
3318628
3319207
3332398
3333625
3333892
3334496
3340966
3359041
3377180
3383836
3384430
3385716
3404404
3404628
3406113
3406765
3406842
3407753
3411696
3419686
3424828
3428560
3434686
3436788
3439986
3461123
3473405
3497675
3501499
3502298
3503225
3506281
3508151
3511217
3511713
3513293
3513795
3518219
3521365
3524972
3525380
3546102
3548169
3557382
3558383
3558391
3560502
3561588
3563496
3564735
3569103
3569745
3590484
3592198
3595253
3601935
3613387
3626373
3642687
3665026
3665288
3672339
3677105
3677455
3688988
3703535
3708412
3713919
3739892
3745406
3748780
3749374
3751334
3768111
3770658
3770658
3779885
3784225
3786041
3788923
3802004
3802280
3826792
3828504
3905287
3964426
3968381
3993429
3993470
4007533
4014549
4014579
4038135
4051141
4068159
4076674
4091965
4107374
4107390
4113081
4117556
4129076
4129493
4132304
4133326
4133852
4138271
4138983
4139142
4144501
4145019
4146519
4151450
4151451
4151452
4151454
4151505
4151891
4151905
4165709
4166369
4166415
4167074
4185839
4185847
4188263
4195023
4198984
4198984
4199001
4208028
4218854
4219022
4222284
4225081
4305467
4310685
4310865
4312340
4314067
4430703
4432252
4501811
4546079
4599270
4838076
4838082
4839301
4858667
5030758
5033389
5057963
1208304
2002830
2376797
2456652
2645854
2793598
2905534
4159422
1005497
1364436
1365522
1366551
1782347
1782359
1784328
1784395
1828360
1853928
1893377
1916507
2022538
2064439
2103201
2153351
2189797
2205499
2291581
2317625
2383974
2401789
2428556
2460902

2469426

2488223

2601391


2619559
2628313
2664762

2918159
3257502
553362
80028
2722028
2568089
3203606
2261267
2421598
2433192
2475512
535526
701811